444512
444542
444543
444567
444592
444595
444608
444622
444661
444668
444669
444685
444706
444731
444754
444785
444798
444813
444832
444837
444844
444886
444891
444893
444894
444897
444900
444903
444921
444923
444928
444937
444938
444958
444980
445001
445027
445048
445084
445087
445101
445103
445120
445125
445127
445131
445192
445250
445266
445281
445339
445370
445430
445547
445586
445633
445668
445703
445715
445746
445775
445798
445820
445838
445849
445866
445870
445900
445903
445911
445960
445978
446019
446122
446132
446144
446232
446245
446259
446295
446303
446341
446365
446378
446393
446402
446435
446465
446480
446504
446533
446539
446558
446620
446654
446676
446693
446735
446738
446753
446817
446819
446872
446873
446877
446881
446927
446938
446939
446948
446955
446978
447003
447007
447021
447036
447037
447067
447070
447103
447140
447175
447182
447207
447217
447221
447245
447265
447291
447371
447382
447390
447392
447406
447418
447425
447429
447471
447504
447510
447526
447547
447552
447560
447561
447566
447569
447609
447626
447632
447660
447698
447701
447702
447769
447771
447798
447802
447812
447851
447904
447967
448016
448024
448057
448100
448156
448169
448178
448191
448193
448194
448195
448196
448198
448200
448201
448202
448225
448239
448252
448296
448301
448360
448376
448401
448408
448420
448432
448456
448459
448465
448557
448563
448575
448595
448661
448729
448744
448763
448808
448812
448832
448840
448852
448858
448899
448915
448945
448969
448990
449004
449008
449010
449066
449081
449095
449128
449129
449138
449151
449183
449195
449270
449294
449303
449305
449328
449351
449395
449398
449406
449414
449416
449420
449471
449486
449495
449516
449522
449645
449666
449702
449707
449725
449750
449755
449776
449847
449865
449874
449901
449916
449945
449969
449970
450047
450072
450095
450105
450148
450173
450197
450211
450221
450226
450286
450287
450309
450314
450406
450408
450413
450424
450433
450469
450474
450608
450614
450650
450653
450676
450705
450713
450758
450764
450787
450788
450803
450807
450830
450880
450892
450906
450921
450931
450932
450933
451006
451010
451020
451052
451057
451101
451165
451191
451198
451219
451245
451263
451298
451321
451332
451341
451347
451351
451352
451379
451411
451434
451455
451491
451571
451583
451630
451640
451657
451689
451703
451710
451712
451714
451717
451759
451805
451864
451865
451866
451898
451900
451953
451986
452009
452041
452068
452079
452128
452148
452154
452224
452254
452266
452280
452288
452375
452420
452437
452456
452486
452494
452550
452572
452575
452586
452589
452619
452620
452665
452687
452688
452737
452777
452803
452817
452856
452867
452888
452896
452899
452902
452907
452957
452968
452972
453006
453007
453010
453077
453106
453117
453123
453136
453155
453239
453255
453273
453280
453322
453355
453375
453425
453444
453546
453567
453578
453590
453628
453661
453713
453732
453741
453750
453761
453806
453816
453829
453844
453845
453854
453857
453864
453865
453910
453964
453971
453979
453998
454000
454003
454005
454017
454041
454051
454052
454058
454084
454095
454107
454126
454141
454142
454170
454202
454276
454277
454278
454279
454280
454282
454298
454356
454376
454377
454391
454402
454405
454438
454451
454488
454500
454542
454556
454566
454578
454584
454665
454699
454767
454783
454794
454797
454798
454824
454831
454845
454847
454863
454870
454892
454955
454960
454961
454962
454963
454964
454965
454967
454968
454969
454970
454972
454973
454975
454976
454979
454980
454982
454983
454985
454986
454987
454989
454990
454991
454994
455000
455132
455144
455160
455193
455242
455281
455283
455298
455359
455401
455413
455418
455423
455469
455481
455484
455490
455558
455570
455667
455675
455696
455775
455807
455852
455919
455966
455983
455999
456035
456064
456074
456081
456097
456117
456156
456181
456204
456205
456273
456284
456299
456328
456337
456338
456348
456359
456406
456411
456449
456481
456511
456606
456613
456642
456658
456691
456759
456785
456801
456803
456830
456904
456934
456940
456946
456953
456955
456975
457014
457023
457080
457088
457126
457178
457189
457215
457230
457327
457355
457367
457408
457451
457482
457623
457633
457639
457640
457761
457780
457806
457837
457839
457846
457853
457883
457910
457936
457958
457969
458002
458009
458038
458058
458079
458154
458264
458274
458321
458352
458355
458368
458369
458370
458396
458403
458459
458462
458483
458500
458509
458513
458554
458570
458580
458608
458614
458631
458664
458682
458713
458751
458765
458767
458773
458793
458822
458841
458859
458867
458910
458983
458991
459029
459043
459061
459066
459103
459116
459143
459151
459171
459188
459196
459206
459211
459260
459261
459285
459307
459323
459331
459336
459356
459361
459363
459368
459386
459398
459405
459413
459446
459456
459467
459476
459520
459543
459569
459623
459642
459648
459767
459799
459874
459917
459947
459958
459998
459999
460030
460091
460109
460125
460140
460171
460173
460217
460259
460260
460261
460262
460263
460264
460265
460266
460353
460408
460409
460416
460431
460539
460581
460616
460622
460637
460652
460660
460684
460729
460733
460768
460814
460815
460816
460817
460818
460819
460841
460906
460915
460932
461033
461039
461072
461089
461121
461134
461178
461194
461240
461241
461251
461281
461290
461291
461304
461336
461352
461358
461404
461419
461447
461467
461472
461487
461504
461525
461530
461550
461562
461577
461585
461673
461687
461766
461850
461857
461859
461908
461934
461940
462052
462083
462099
462104
462130
462727
462742
462765
462795
462800
462819
462838
462839
462860
462874
462884
463016
463017
463043
463056
463096
463147
463152
463160
463178
463180
463226
463229
463244
463300
463325
463355
463387
463664
463789
463830
463840
463879
463908
463923
463952
463982
463998
464027
464033
464045
464054
464060
464071
464079
464097
464117
464165
464182
464200
464205
464230
464231
464273
464305
464320
464329
464334
464391
464392
464393
464435
464453
464459
464512
464521
464564
464587
464589
464610
464611
464617
464651
464652
464659
464671
464675
464707
464720
464731
464736
464773
464799
464824
464880
464903
464935
464937
464949
464968
465009
465044
465069
465135
465143
465144
465145
465196
465208
465231
465271
465326
465342
465356
465373
465375
465380
465382
465384
465386
465428
465440
465474
465488
465499
465512
465520
465525
465605
465645
465665
465676
465679
465765
465806
465807
465843
465844
465845
465880
465934
465971
466001
466010
466032
466047
466094
466122
466126
466187
466188
466212
466228
466278
466324
466388
466414
466447
466454
466487
466518
466533
466551
466570
466595
466608
466630
466633
466653
466672
466675
466693
466735
466753
466767
466776
466823
466839
466895
466918
466921
466923
466933
466948
466961
466966
466970
467021
467034
467051
467072
467096
467162
467181
467185
467204
467206
467214
467235
467259
467286
467327
467352
467424
467489
467495
467497
467516
467566
467607
467663
467689
467779
467825
467865
467875
467897
467912
467916
467924
467959
468036
468038
468052
468057
468102
468104
468111
468140
468156
468163
468188
468281
468300
468311
468431
468471
468489
468514
468607
468625
468638
468642
468663
468685
468748
468757
468760
468761
468762
468771
468798
468841
468906
468954
468957
468960
468965
469012
469049
469126
469128
469158
469210
469219
469223
469233
469238
469286
469330
469397
469398
469410
469468
469507
469539
469557
469600
469609
469632
469634
469643
469648
469659
469690
469694
469705
469717
469727
469806
469824
469858
469906
469915
469923
469935
469959
469979
470024
470025
470052
470053
470054
470055
470056
470076
470078
470089
470127
470140
470169
470242
470256
470290
470350
470354
470422
470510
470523
470566
470590
470598
470717
470722
470736
470746
470756
470771
470875
470877
470888
470916
470929
470949
470986
471001
471062
471104
471114
471122
471146
471147
471158
471170
471196
471198
471216
471235
471328
471405
471412
471417
471424
471509
471531
471660
471700
471745
471754
471775
471816
471889
471902
471992
472011
472027
472038
472098
472107
472145
472174
472247
472252
472279
472365
472372
472456
472488
472522
472546
472550
472633
472710
472720
472723
472755
472759
472777
472806
472809
472827
472864
472865
472868
472875
472946
472948
472972
472990
473002
473041
473113
473118
473134
473137
473140
473146
473158
473165
473168
473198
473210
473228
473248
473264
473278
473284
473310
473362
473418
473494
473541
473545
473559
473560
473586
473598
473605
473642
473665
473672
473676
473678
473701
473744
473771
473782
473808
473821
473826
473932
473956
473984
474003
474004
474129
474166
474167
474173
474191
474227
474242
474258
474268
474270
474303
474307
474314
474337
474351
474360
474424
474425
474540
474545
474598
474610
474646
474647
474648
474649
474650
474651
474652
474653
474664
474674
474693
474714
474750
474812
474866
474936
474952
474961
474971
474990
475000
475082
475094
475153
475170
475181
475186
475193
475303
475331
475447
475450
475481
475496
475521
475590
475599
475614
475653
475669
475678
475682
475697
475731
475820
475841
475842
475882
475897
475898
475900
475901
475902
475903
475904
475905
475914
475928
475950
475953
475982
476009
476022
476069
476077
476087
476093
476110
476123
476142
476148
476158
476209
476217
476232
476235
476239
476290
476316
476347
476348
476349
476350
476351
476352
476387
476394
476396
476405
476409
476414
476419
476447
476498
476504
476521
476538
476557
476608
476624
476693
476866
476941
476974
477001
477032
477048
477052
477079
477080
477081
477083
477084
477085
477086
477087
477089
477124
477192
477264
477269
477289
477316
477393
477408
477441
477443
477446
477483
477510
477533
477573
477593
477605
477609
477626
477658
477720
477742
477786
477802
477812
477845
477867
477935
477987
477990
478026
478051
478063
478064
478191
478192
478240
478296
478362
478364
478386
478388
478391
478395
478424
478464
478493
478501
478525
478541
478563
478580
478594
478597
478604
478610
478613
478668
478731
478786
478798
478803
478815
478825
478830
478853
478877
478944
478947
478964
479029
479031
479071
479083
479103
479111
479116
479120
479130
479150
479189
479197
479232
479348
479350
479366
479383
479402
479403
479423
479426
479430
479479
479491
479531
479562
479571
479602
479622
479681
479689
479719
479774
479816
479846
479883
479931
479952
479971
480019
480048
480050
480055
480068
480073
480087
480092
480096
480104
480134
480205
480211
480222
480237
480254
480288
480290
480295
480350
480359
480417
480438
480464
480473
480480
480482
480522
480610
480622
480637
480640
480655
480675
480732
480740
480755
480785
480787
480788
480789
480790
480795
480801
480802
480810
480833
480889
480892
480923
480929
480930
481004
481037
481042
481079
481093
481098
481106
481112
481130
481173
481215
481219
481226
481256
481271
481309
481327
481339
481386
481387
481403
481414
481472
481498
481499
481508
481517
481534
481555
481561
481604
481609
481620
481664
481665
481707
481754
481787
481800
481821
481840
481848
481850
481856
481864
481901
481928
481954
482013
482049
482052
482054
482064
482129
482157
482186
482218
482221
482292
482310
482312
482330
482363
482377
482383
482387
482402
482411
482417
482418
482461
482480
482486
482488
482507
482515
482537
482591
482621
482627
482641
482658
482686
482696
482705
482706
482732
482735
482740
482761
482766
482782
482796
482807
482812
482825
482908
482941
483015
483070
483107
483127
483130
483147
483155
483159
483174
483212
483222
483258
483259
483296
483309
483332
483339
483407
483416
483437
483442
483475
483482
483494
483525
483549
483613
483632
483636
483666
483681
483685
483692
483693
483750
483751
483770
483823
483841
483842
483843
483875
483880
483893
483968
483979
484016
484017
484041
484049
484075
484081
484152
484162
484172
484178
484198
484219
484221
484268
484308
484323
484357
484359
484361
484365
484372
484421
484435
484480
484483
484516
484561
484569
484586
484591
484602
484605
484614
484639
484645
484674
484710
484719
484732
484768
484852
484894
484898
484930
484938
484941
484942
484987
484993
485023
485050
485051
485152
485176
485187
485210
485226
485236
485245
485252
485258
485269
485275
485279
485329
485350
485420
485427
485443
485471
485477
485499
485512
485518
485553
485564
485588
485637
485658
485689
485707
485723
485727
485760
485763
485792
485807
485825
485865
485866
485884
485889
485900
485903
485906
485910
485986
486024
486115
486197
486201
486203
486216
486221
486245
486248
486355
486376
486521
486532
486568
486575
486631
486636
486650
486691
486713
486761
486775
486776
486783
486788
486793
486799
486845
486846
486871
486890
486904
486913
486916
486923
486975
486986
486996
487000
487003
487005
487060
487065
487077
487105
487115
487131
487139
487189
487193
487207
487210
487254
487259
487268
487273
487274
487296
487298
487331
487348
487368
487383
487397
487432
487439
487448
487455
487479
487515
487566
487574
487584
487585
487586
487587
487588
487589
487590
487591
487593
487595
487599
487600
487603
487604
487605
487606
487607
487608
487609
487610
487614
487615
487616
487618
487619
487620
487623
487624
487626
487627
487628
487629
487632
487634
487655
487660
487671
487692
487694
487714
487731
487753
487767
487773
487783
487802
487816
487827
487856
487857
487863
487889
487896
487946
487969
488054
488093
488128
488181
488202
488206
488224
488273
488307
488320
488321
488322
488323
488324
488354
488384
488386
488407
488445
488484
488527
488542
488548
488550
488572
488582
488629
488637
488647
488698
488725
488741
488747
488797
488812
488816
488820
488830
488834
488865
488884
488917
488961
488970
489011
489015
489034
489121
489136
489137
489139
489150
489172
489199
489230
489247
489253
489259
489276
489280
489301
489345
489369
489378
489379
489408
489415
489421
489436
489447
489449
489451
489463
489475
489500
489513
489541
489583
489595
489602
489611
489624
489625
489642
489671
489675
489689
489700
489710
489742
489761
489771
489772
489829
489864
489898
489900
489914
489915
489931
489985
490022
490055
490061
490064
490070
490081
490088
490117
490124
490129
490146
490171
490193
490207
490215
490227
490247
490248
490282
490364
490377
490397
490416
490425
490440
490456
490457
490473
490480
490490
490523
490530
490541
490553
490560
490591
490610
490625
490670
490692
490730
490741
490773
490796
490834
490836
490840
490853
490898
490899
490915
490988
491043
491055
491092
491103
491105
491107
491112
491124
491163
491165
491169
491182
491183
491194
491262
491273
491299
491302
491338
491341
491342
491354
491355
491362
491417
491433
491452
491467
491470
491474
491504
491545
491566
491587
491604
491617
491625
491668
491670
491674
491705
491714
491724
491730
491742
491762
491818
491824
491878
491898
491917
491957
491976
491985
492000
492023
492027
492056
492196
492214
492221
492222
492247
492273
492284
492297
492304
492325
492336
492426
492436
492440
492458
492513
492520
492543
492550
492577
492589
492607
492637
492643
492651
492674
492685
492726
492729
492828
492839
492849
492856
492879
492942
492990
492996
492999
493020
493021
493045
493047
493092
493097
493141
493144
493145
493163
493187
493195
493202
493206
493211
493214
493227
493237
493258
493262
493341
493352
493358
493360
493400
493410
493439
493452
493456
493466
493478
493524
493530
493541
493564
493578
493604
493617
493665
493675
493742
493767
493768
493771
493786
493798
493812
493816
493855
493894
493901
493902
493922
493933
493960
493986
494003
494019
494031
494066
494070
494093
494099
494100
494101
494105
494141
494202
494212
494249
494259
494277
494280
494292
494317
494376
494379
494390
494403
494406
494407
494434
494439
494440
494478
494524
494531
494564
494580
494582
494638
494651
494767
494771
494777
494780
494793
494799
494821
494828
494892
494945
495027
495041
495045
495067
495074
495093
495117
495159
495192
495242
495274
495307
495343
495344
495345
495346
495349
495350
495354
495355
495356
495357
495364
495386
495460
495472
495489
495510
495538
495542
495543
495576
495580
495593
495600
495602
495625
495649
495685
495707
495713
495721
495745
495753
495813
495853
495894
495926
495936
495937
495951
495953
495959
495999
496032
496077
496078
496116
496123
496147
496150
496164
496202
496214
496215
496239
496273
496307
496378
496382
496385
496445
496471
496491
496528
496547
496561
496563
496595
496697
496703
496705
496706
496708
496709
496727
496728
496729
496730
496731
496732
496757
496772
496787
496826
496841
496843
496861
496872
496875
496882
496913
496967
497001
497040
497067
497070
497078
497101
497116
497124
497138
497148
497169
497185
497191
497194
497242
497315
497365
497383
497402
497403
497409
497418
497450
497489
497519
497523
497530
497531
497532
497533
497544
497563
497564
497571
497576
497611
497613
497624
497640
497647
497654
497700
497718
497734
497753
497798
497831
497847
497865
497907
497938
497962
497987
498005
498046
498069
498117
498159
498165
498177
498197
498243
498295
498296
498298
498303
498304
498305
498306
498307
498309
498310
498318
498337
498338
498442
498446
498451
498460
498479
498501
498523
498530
498541
498565
498601
498640
498651
498679
498698
498703
498716
498717
498737
498742
498778
498787
498789
498827
498839
498878
498897
498920
498934
498952
498958
498980
498987
499043
499049
499065
499072
499113
499133
499134
499148
499201
499209
499230
499233
499264
499266
499284
499287
499354
499368
499369
499378
499381
499414
499439
499440
499441
499443
499445
499446
499474
499487
499495
499548
499619
499620
499627
499666
499670
499702
499709
499785
499791
499831
499845
499860
499874
499907
499915
499951
499969
499976
499985
499987
499995
500068
500080
500104
500115
500157
500162
500186
500203
500205
500212
500224
500241
500262
500273
500296
500340
500375
500380
500395
500434
500451
500465
500476
500480
500495
500500
500501
500502
500514
500520
500521
500523
500533
500540
500544
500545
500552
500629
500662
500709
500710
500712
500728
500805
500813
500815
500824
500844
500857
500863
500894
500900
500902
500908
500946
500953
500968
500973
500982
501011
501045
501053
501074
501091
501117
501122
501132
501178
501206
501211
501217
501234
501247
501255
501295
501348
501356
501359
501366
501370
501376
501391
501424
501439
501451
501470
501491
501492
501527
501553
501555
501557
501559
501564
501630
501634
501661
501680
501694
501698
501718
501745
501776
501825
501880
501889
501924
501927
501931
501961
501973
501993
502006
502114
502142
502182
502189
502208
502214
502247
502267
502287
502294
502299
502315
502318
502321
502349
502390
502393
502400
502467
502476
502480
502489
502495
502513
502525
502526
502600
502628
502635
502654
502662
502667
502675
502691
502728
502746
502762
502783
502797
502801
502830
502849
502871
502905
502920
502923
502955
502990
503009
503045
503051
503063
503096
503098
503176
503219
503274
503345
503381
503403
503405
503428
503437
503488
503500
503517
503534
503544
503591
503662
503685
503706
503743
503747
503753
503766
503811
503818
503833
503901
503916
503936
503947
504011
504015
504069
504098
504122
504147
504204
504243
504308
504362
504386
504392
504427
504452
504460
504466
504472
504479
504502
504582
504587
504607
504614
504621
504633
504839
504842
504873
504890
504895
504897
504944
504967
504968
504969
504973
504991
505043
505085
505097
505124
505130
505160
505202
505222
505226
505247
505262
505336
505369
505401
505403
505439
505474
505485
505506
505547
505551
505587
505602
505612
505632
505650
505690
505715
505733
505764
505788
505801
505993
506125
506171
506174
506195
506218
506240
506302
506336
506391
506392
506399
506448
506449
506475
506503
506507
506519
506526
506541
506587
506602
506612
506619
506648
506693
506707
506745
506805
506855
506892
506897
506901
506947
506954
506969
506977
507005
507010
507036
507103
507146
507166
507178
507241
507276
507288
507304
507337
507343
507360
507381
507395
507399
507443
507461
507499
507518
507557
507589
507591
507626
507637
507650
507661
507682
507757
507808
507840
507881
507892
507939
507962
507963
507983
